class template, instantiations, multiple overload instantiations, loc, definition file path, line
LinearDiskCache, //0, //0, //107, //src/common/src/linear_disk_cache.h, //49
LinearDiskCacheReader, //1, //1, //5, //src/common/src/linear_disk_cache.h, //30
Common::FifoQueue, //0, //0, //73, //src/common/src/fifo_queue.h, //14
MathUtil::Rectangle, //0, //0, //29, //src/common/src/math_util.h, //94
LinkedListItem, //8, //2, //4, //src/common/src/chunk_file.h, //67
PointerWrap::DoHelper, //3, //1, //12, //src/common/src/chunk_file.h, //108
PointerWrap::DoHelper, //0, //0, //12, //src/common/src/chunk_file.h, //123
swap_16_t, //4, //0, //5, //src/common/src/swap.h, //468
swap_32_t, //4, //0, //5, //src/common/src/swap.h, //461
swap_64_t, //4, //0, //5, //src/common/src/swap.h, //454
swap_double_t, //2, //1, //5, //src/common/src/swap.h, //482
swap_float_t, //2, //1, //5, //src/common/src/swap.h, //475
swap_struct_t, //32, //3, //242, //src/common/src/swap.h, //65

function template, instantiations, multiple overload instantiations, loc, definition file path, line
operator&, //11, //1, //3, //src/common/src/swap.h, //422
operator&, //12, //1, //3, //src/common/src/swap.h, //417
operator+, //3, //1, //3, //src/common/src/swap.h, //378
operator==, //8, //1, //3, //src/common/src/swap.h, //449
LinearDiskCache::Read, //5, //1, //4, //src/common/src/linear_disk_cache.h, //166
LinearDiskCache::Write, //5, //1, //4, //src/common/src/linear_disk_cache.h, //160
operator>, //7, //1, //3, //src/common/src/swap.h, //433
Common::FromBigEndian, //0, //0, //5, //src/common/src/common_funcs.h, //235
max, //2, //1, //1, //src/common/src/common_funcs.h, //156
min, //0, //0, //1, //src/common/src/common_funcs.h, //154
PointerWrap::Do, //46, //1, //3, //src/common/src/chunk_file.h, //560
OpenFStream, //1, //1, //8, //src/common/src/file_util.h, //215
operator!=, //11, //1, //3, //src/common/src/swap.h, //445
File::IOFile::ReadArray, //3, //1, //6, //src/common/src/file_util.h, //156
File::IOFile::WriteArray, //3, //1, //6, //src/common/src/file_util.h, //165
operator-, //4, //1, //3, //src/common/src/swap.h, //383
operator<, //5, //1, //3, //src/common/src/swap.h, //429
PointerWrap::Do, //15, //1, //5, //src/common/src/chunk_file.h, //242
PointerWrap::DoLinkedList, //2, //1, //57, //src/common/src/chunk_file.h, //579
operator*, //14, //1, //3, //src/common/src/swap.h, //393
Common::FifoQueue::Push, //0, //0, //6, //src/common/src/fifo_queue.h, //45
CodeToUTF8, //3, //2, //45, //src/common/src/string_util.cpp, //450
CChunkFileReader::Load, //0, //0, //77, //src/common/src/chunk_file.h, //668
CChunkFileReader::Save, //0, //0, //64, //src/common/src/chunk_file.h, //764
CChunkFileReader::Verify, //0, //0, //15, //src/common/src/chunk_file.h, //840
PointerWrap::Do, //14, //1, //13, //src/common/src/chunk_file.h, //227
PointerWrap::Do, //14, //1, //13, //src/common/src/chunk_file.h, //287
PointerWrap::Do, //14, //1, //5, //src/common/src/chunk_file.h, //302
PointerWrap::Do, //14, //1, //5, //src/common/src/chunk_file.h, //347
PointerWrap::Do, //14, //1, //5, //src/common/src/chunk_file.h, //354
PointerWrap::Do, //14, //1, //4, //src/common/src/chunk_file.h, //369
PointerWrap::Do, //14, //1, //5, //src/common/src/chunk_file.h, //396
PointerWrap::Do, //14, //1, //5, //src/common/src/chunk_file.h, //403
PointerWrap::Do, //14, //1, //5, //src/common/src/chunk_file.h, //422
PointerWrap::Do, //14, //1, //5, //src/common/src/chunk_file.h, //429
PointerWrap::Do, //14, //1, //4, //src/common/src/chunk_file.h, //436
PointerWrap::Do, //14, //1, //12, //src/common/src/chunk_file.h, //456
PointerWrap::Do, //14, //1, //4, //src/common/src/chunk_file.h, //470
PointerWrap::DoArray, //2, //1, //3, //src/common/src/chunk_file.h, //555
PointerWrap::DoClass, //1, //1, //3, //src/common/src/chunk_file.h, //539
PointerWrap::DoClass, //1, //1, //9, //src/common/src/chunk_file.h, //544
PointerWrap::DoDeque, //2, //1, //9, //src/common/src/chunk_file.h, //410
PointerWrap::DoList, //2, //1, //9, //src/common/src/chunk_file.h, //442
PointerWrap::DoMap, //2, //1, //36, //src/common/src/chunk_file.h, //249
PointerWrap::DoMultimap, //2, //1, //35, //src/common/src/chunk_file.h, //309
PointerWrap::DoPOD, //0, //0, //5, //src/common/src/chunk_file.h, //362
PointerWrap::DoPOD, //0, //0, //3, //src/common/src/chunk_file.h, //565
PointerWrap::DoPointer, //0, //0, //6, //src/common/src/chunk_file.h, //570
PointerWrap::DoSet, //2, //1, //30, //src/common/src/chunk_file.h, //476
PointerWrap::DoVector, //3, //1, //8, //src/common/src/chunk_file.h, //375
PointerWrap::DoVectorPOD, //1, //1, //8, //src/common/src/chunk_file.h, //385
operator%, //1, //1, //3, //src/common/src/swap.h, //398
operator+=, //1, //1, //4, //src/common/src/swap.h, //404
operator-=, //1, //1, //4, //src/common/src/swap.h, //410
operator/, //1, //1, //3, //src/common/src/swap.h, //388
operator<=, //1, //1, //3, //src/common/src/swap.h, //437
operator>=, //1, //1, //3, //src/common/src/swap.h, //441
swap_struct_t::operator=, //0, //0, //4, //src/common/src/swap.h, //83
Memory::ReadFromHardware, //4, //1, //11, //src/core/src/mem_map_funcs.cpp, //32
Memory::WriteToHardware, //4, //1, //25, //src/core/src/mem_map_funcs.cpp, //56
CharArrayFromFormat, //0, //0, //7, //src/common/src/string_util.h, //22
ThousandSeparate, //0, //0, //9, //src/common/src/string_util.h, //38
TryParse, //0, //0, //12, //src/common/src/string_util.h, //58

